Sn wr S3:
n = 1
3
n = 2
6, 42
n = 3
[[5, 2, 2], [4, 4, 1], [6, 3], [7, 2], [9]]
n = 4
[[4, 4, 4], [5, 4, 2, 1], [6, 2, 2, 2], [6, 4, 2], [6, 6], [7, 3, 2], [7, 4, 1], [8, 2, 2], [8, 4], [9, 3], [10, 2], [12]]
n = 5
[[5, 4, 4, 2], [5, 5, 3, 1, 1], [6, 4, 2, 2, 1], [6, 4, 4, 1], [6, 5, 2, 2], [6, 6, 3], [7, 2, 2, 2, 2], [7, 4, 2, 2], [7, 4, 3, 1], [7, 4, 4], [7, 5, 2, 1], [7, 6, 2], [8, 3, 2, 2], [8, 4, 2, 1], [8, 4, 3], [8, 5, 2], [8, 6, 1], [9, 2, 2, 2], [9, 4, 2], [9, 4, 2], [9, 6], [10, 3, 2], [10, 4, 1], [10, 5], [11, 2, 2], [11, 4], [12, 3], [13, 2], [15]]
