Analyzing V_2
[[4, 2], [6]]
Multiplicity-Free

1 valid detected. Continuing.

Analyzing V_3
[[4, 4, 1], [5, 2, 2], [6, 3], [7, 2], [9]]
Multiplicity-Free

1 valid detected. Continuing.

Analyzing V_4
[[4, 4, 4], [5, 4, 2, 1], [6, 2, 2, 2], [6, 4, 2], [6, 6], [7, 3, 2], [7, 4, 1], [8, 2, 2], [8, 4], [9, 3], [10, 2], [12]]
Multiplicity-Free

1 valid detected. Continuing.

Analyzing V_5
[[5, 4, 4, 2], [5, 5, 3, 1, 1], [6, 4, 2, 2, 1], [6, 4, 4, 1], [6, 5, 2, 2], [6, 6, 3], [7, 2, 2, 2, 2], [7, 4, 2, 2], [7, 4, 3, 1], [7, 4, 4], [7, 5, 2, 1], [7, 6, 2], [8, 3, 2, 2], [8, 4, 2, 1], [8, 4, 3], [8, 5, 2], [8, 6, 1], [9, 2, 2, 2], [9, 4, 2], [9, 4, 2], [9, 6], [10, 3, 2], [10, 4, 1], [10, 5], [11, 2, 2], [11, 4], [12, 3], [13, 2], [15]]

1 valid detected. Continuing.

Analyzing V_6
[[5, 5, 4, 3, 1], [5, 5, 5, 1, 1, 1], [6, 4, 4, 2, 2], [6, 4, 4, 4], [6, 5, 3, 2, 1, 1], [6, 5, 4, 2, 1], [6, 6, 2, 2, 2], [6, 6, 4, 2], [6, 6, 6], [7, 4, 2, 2, 2, 1], [7, 4, 4, 2, 1], [7, 4, 4, 3], [7, 5, 2, 2, 2], [7, 5, 3, 2, 1], [7, 5, 4, 1, 1], [7, 5, 4, 2], [7, 6, 2, 2, 1], [7, 6, 3, 2], [7, 6, 4, 1], [7, 7, 3, 1], [8, 2, 2, 2, 2, 2], [8, 4, 2, 2, 2], [8, 4, 3, 2, 1], [8, 4, 4, 2], [8, 4, 4, 2], [8, 5, 2, 2, 1], [8, 5, 3, 1, 1], [8, 5, 3, 2], [8, 5, 4, 1], [8, 6, 2, 2], [8, 6, 2, 2], [8, 6, 3, 1], [8, 6, 4], [8, 6, 4], [8, 7, 2, 1], [8, 8, 2], [9, 3, 2, 2, 2], [9, 4, 2, 2, 1], [9, 4, 3, 2], [9, 4, 4, 1], [9, 4, 4, 1], [9, 5, 2, 2], [9, 5, 2, 2], [9, 5, 3, 1], [9, 6, 2, 1], [9, 6, 3], [9, 6, 3], [9, 7, 2], [10, 2, 2, 2, 2], [10, 4, 2, 2], [10, 4, 2, 2], [10, 4, 3, 1], [10, 4, 4], [10, 4, 4], [10, 5, 2, 1], [10, 5, 3], [10, 6, 2], [10, 6, 2], [10, 7, 1], [10, 8], [11, 3, 2, 2], [11, 4, 2, 1], [11, 4, 3], [11, 5, 2], [11, 5, 2], [11, 6, 1], [12, 2, 2, 2], [12, 4, 2], [12, 4, 2], [12, 6], [12, 6], [13, 3, 2], [13, 4, 1], [13, 5], [14, 2, 2], [14, 4], [15, 3], [16, 2], [18]]

[[5, 5, 4, 3, 1], [5, 5, 5, 1, 1, 1], [6, 4, 4, 2, 2], [6, 4, 4, 4], [6, 5, 3, 2, 1, 1], [6, 5, 4, 2, 1], [6, 6, 2, 2, 2], [6, 6, 4, 2], [6, 6, 6], [7, 4, 2, 2, 2, 1], [7, 4, 4, 2, 1], [7, 4, 4, 3], [7, 5, 2, 2, 2], [7, 5, 3, 2, 1], [7, 5, 4, 1, 1], [7, 5, 4, 2], [7, 6, 2, 2, 1], [7, 6, 3, 2], [7, 6, 4, 1], [7, 7, 3, 1], [8, 2, 2, 2, 2, 2], [8, 4, 2, 2, 2], [8, 4, 3, 2, 1], [8, 4, 4, 2], [8, 4, 4, 2], [8, 5, 2, 2, 1], [8, 5, 3, 1, 1], [8, 5, 3, 2], [8, 5, 4, 1], [8, 6, 2, 2], [8, 6, 2, 2], [8, 6, 3, 1], [8, 6, 4], [8, 6, 4], [8, 7, 2, 1], [8, 8, 2], [9, 3, 2, 2, 2], [9, 4, 2, 2, 1], [9, 4, 3, 2], [9, 4, 4, 1], [9, 4, 4, 1], [9, 5, 2, 2], [9, 5, 2, 2], [9, 5, 3, 1], [9, 6, 2, 1], [9, 6, 3], [9, 6, 3], [9, 7, 2], [10, 2, 2, 2, 2], [10, 4, 2, 2], [10, 4, 2, 2], [10, 4, 3, 1], [10, 4, 4], [10, 4, 4], [10, 5, 2, 1], [10, 5, 3], [10, 6, 2], [10, 6, 2], [10, 7, 1], [10, 8], [11, 3, 2, 2], [11, 4, 2, 1], [11, 4, 3], [11, 5, 2], [11, 5, 2], [11, 6, 1], [12, 2, 2, 2], [12, 4, 2], [12, 4, 2], [12, 6], [12, 6], [13, 3, 2], [13, 4, 1], [13, 5], [14, 2, 2], [14, 4], [15, 3], [16, 2], [18]]

[[5, 5, 4, 3, 1], [5, 5, 5, 1, 1, 1], [6, 4, 4, 2, 2], [6, 4, 4, 4], [6, 5, 3, 2, 1, 1], [6, 5, 4, 2, 1], [6, 6, 2, 2, 2], [6, 6, 4, 2], [6, 6, 6], [7, 4, 2, 2, 2, 1], [7, 4, 4, 2, 1], [7, 4, 4, 3], [7, 5, 2, 2, 2], [7, 5, 3, 2, 1], [7, 5, 4, 1, 1], [7, 5, 4, 2], [7, 6, 2, 2, 1], [7, 6, 3, 2], [7, 6, 4, 1], [7, 7, 3, 1], [8, 2, 2, 2, 2, 2], [8, 4, 2, 2, 2], [8, 4, 3, 2, 1], [8, 4, 4, 2], [8, 4, 4, 2], [8, 5, 2, 2, 1], [8, 5, 3, 1, 1], [8, 5, 3, 2], [8, 5, 4, 1], [8, 6, 2, 2], [8, 6, 2, 2], [8, 6, 3, 1], [8, 6, 4], [8, 6, 4], [8, 7, 2, 1], [8, 8, 2], [9, 3, 2, 2, 2], [9, 4, 2, 2, 1], [9, 4, 3, 2], [9, 4, 4, 1], [9, 4, 4, 1], [9, 5, 2, 2], [9, 5, 2, 2], [9, 5, 3, 1], [9, 6, 2, 1], [9, 6, 3], [9, 6, 3], [9, 7, 2], [10, 2, 2, 2, 2], [10, 4, 2, 2], [10, 4, 2, 2], [10, 4, 3, 1], [10, 4, 4], [10, 4, 4], [10, 5, 2, 1], [10, 5, 3], [10, 6, 2], [10, 6, 2], [10, 7, 1], [10, 8], [11, 3, 2, 2], [11, 4, 2, 1], [11, 4, 3], [11, 5, 2], [11, 5, 2], [11, 6, 1], [12, 2, 2, 2], [12, 4, 2], [12, 4, 2], [12, 6], [12, 6], [13, 3, 2], [13, 4, 1], [13, 5], [14, 2, 2], [14, 4], [15, 3], [16, 2], [18]]

[[5, 5, 4, 3, 1], [5, 5, 5, 1, 1, 1], [6, 4, 4, 2, 2], [6, 4, 4, 4], [6, 5, 3, 2, 1, 1], [6, 5, 4, 2, 1], [6, 6, 2, 2, 2], [6, 6, 4, 2], [6, 6, 6], [7, 4, 2, 2, 2, 1], [7, 4, 4, 2, 1], [7, 4, 4, 3], [7, 5, 2, 2, 2], [7, 5, 3, 2, 1], [7, 5, 4, 1, 1], [7, 5, 4, 2], [7, 6, 2, 2, 1], [7, 6, 3, 2], [7, 6, 4, 1], [7, 7, 3, 1], [8, 2, 2, 2, 2, 2], [8, 4, 2, 2, 2], [8, 4, 3, 2, 1], [8, 4, 4, 2], [8, 4, 4, 2], [8, 5, 2, 2, 1], [8, 5, 3, 1, 1], [8, 5, 3, 2], [8, 5, 4, 1], [8, 6, 2, 2], [8, 6, 2, 2], [8, 6, 3, 1], [8, 6, 4], [8, 6, 4], [8, 7, 2, 1], [8, 8, 2], [9, 3, 2, 2, 2], [9, 4, 2, 2, 1], [9, 4, 3, 2], [9, 4, 4, 1], [9, 4, 4, 1], [9, 5, 2, 2], [9, 5, 2, 2], [9, 5, 3, 1], [9, 6, 2, 1], [9, 6, 3], [9, 6, 3], [9, 7, 2], [10, 2, 2, 2, 2], [10, 4, 2, 2], [10, 4, 2, 2], [10, 4, 3, 1], [10, 4, 4], [10, 4, 4], [10, 5, 2, 1], [10, 5, 3], [10, 6, 2], [10, 6, 2], [10, 7, 1], [10, 8], [11, 3, 2, 2], [11, 4, 2, 1], [11, 4, 3], [11, 5, 2], [11, 5, 2], [11, 6, 1], [12, 2, 2, 2], [12, 4, 2], [12, 4, 2], [12, 6], [12, 6], [13, 3, 2], [13, 4, 1], [13, 5], [14, 2, 2], [14, 4], [15, 3], [16, 2], [18]]

[[5, 5, 4, 3, 1], [5, 5, 5, 1, 1, 1], [6, 4, 4, 2, 2], [6, 4, 4, 4], [6, 5, 3, 2, 1, 1], [6, 5, 4, 2, 1], [6, 6, 2, 2, 2], [6, 6, 4, 2], [6, 6, 6], [7, 4, 2, 2, 2, 1], [7, 4, 4, 2, 1], [7, 4, 4, 3], [7, 5, 2, 2, 2], [7, 5, 3, 2, 1], [7, 5, 4, 1, 1], [7, 5, 4, 2], [7, 6, 2, 2, 1], [7, 6, 3, 2], [7, 6, 4, 1], [7, 7, 3, 1], [8, 2, 2, 2, 2, 2], [8, 4, 2, 2, 2], [8, 4, 3, 2, 1], [8, 4, 4, 2], [8, 4, 4, 2], [8, 5, 2, 2, 1], [8, 5, 3, 1, 1], [8, 5, 3, 2], [8, 5, 4, 1], [8, 6, 2, 2], [8, 6, 2, 2], [8, 6, 3, 1], [8, 6, 4], [8, 6, 4], [8, 7, 2, 1], [8, 8, 2], [9, 3, 2, 2, 2], [9, 4, 2, 2, 1], [9, 4, 3, 2], [9, 4, 4, 1], [9, 4, 4, 1], [9, 5, 2, 2], [9, 5, 2, 2], [9, 5, 3, 1], [9, 6, 2, 1], [9, 6, 3], [9, 6, 3], [9, 7, 2], [10, 2, 2, 2, 2], [10, 4, 2, 2], [10, 4, 2, 2], [10, 4, 3, 1], [10, 4, 4], [10, 4, 4], [10, 5, 2, 1], [10, 5, 3], [10, 6, 2], [10, 6, 2], [10, 7, 1], [10, 8], [11, 3, 2, 2], [11, 4, 2, 1], [11, 4, 3], [11, 5, 2], [11, 5, 2], [11, 6, 1], [12, 2, 2, 2], [12, 4, 2], [12, 4, 2], [12, 6], [12, 6], [13, 3, 2], [13, 4, 1], [13, 5], [14, 2, 2], [14, 4], [15, 3], [16, 2], [18]]

[[5, 5, 4, 3, 1], [5, 5, 5, 1, 1, 1], [6, 4, 4, 2, 2], [6, 4, 4, 4], [6, 5, 3, 2, 1, 1], [6, 5, 4, 2, 1], [6, 6, 2, 2, 2], [6, 6, 4, 2], [6, 6, 6], [7, 4, 2, 2, 2, 1], [7, 4, 4, 2, 1], [7, 4, 4, 3], [7, 5, 2, 2, 2], [7, 5, 3, 2, 1], [7, 5, 4, 1, 1], [7, 5, 4, 2], [7, 6, 2, 2, 1], [7, 6, 3, 2], [7, 6, 4, 1], [7, 7, 3, 1], [8, 2, 2, 2, 2, 2], [8, 4, 2, 2, 2], [8, 4, 3, 2, 1], [8, 4, 4, 2], [8, 4, 4, 2], [8, 5, 2, 2, 1], [8, 5, 3, 1, 1], [8, 5, 3, 2], [8, 5, 4, 1], [8, 6, 2, 2], [8, 6, 2, 2], [8, 6, 3, 1], [8, 6, 4], [8, 6, 4], [8, 7, 2, 1], [8, 8, 2], [9, 3, 2, 2, 2], [9, 4, 2, 2, 1], [9, 4, 3, 2], [9, 4, 4, 1], [9, 4, 4, 1], [9, 5, 2, 2], [9, 5, 2, 2], [9, 5, 3, 1], [9, 6, 2, 1], [9, 6, 3], [9, 6, 3], [9, 7, 2], [10, 2, 2, 2, 2], [10, 4, 2, 2], [10, 4, 2, 2], [10, 4, 3, 1], [10, 4, 4], [10, 4, 4], [10, 5, 2, 1], [10, 5, 3], [10, 6, 2], [10, 6, 2], [10, 7, 1], [10, 8], [11, 3, 2, 2], [11, 4, 2, 1], [11, 4, 3], [11, 5, 2], [11, 5, 2], [11, 6, 1], [12, 2, 2, 2], [12, 4, 2], [12, 4, 2], [12, 6], [12, 6], [13, 3, 2], [13, 4, 1], [13, 5], [14, 2, 2], [14, 4], [15, 3], [16, 2], [18]]

[[5, 5, 4, 3, 1], [5, 5, 5, 1, 1, 1], [6, 4, 4, 2, 2], [6, 4, 4, 4], [6, 5, 3, 2, 1, 1], [6, 5, 4, 2, 1], [6, 6, 2, 2, 2], [6, 6, 4, 2], [6, 6, 6], [7, 4, 2, 2, 2, 1], [7, 4, 4, 2, 1], [7, 4, 4, 3], [7, 5, 2, 2, 2], [7, 5, 3, 2, 1], [7, 5, 4, 1, 1], [7, 5, 4, 2], [7, 6, 2, 2, 1], [7, 6, 3, 2], [7, 6, 4, 1], [7, 7, 3, 1], [8, 2, 2, 2, 2, 2], [8, 4, 2, 2, 2], [8, 4, 3, 2, 1], [8, 4, 4, 2], [8, 4, 4, 2], [8, 5, 2, 2, 1], [8, 5, 3, 1, 1], [8, 5, 3, 2], [8, 5, 4, 1], [8, 6, 2, 2], [8, 6, 2, 2], [8, 6, 3, 1], [8, 6, 4], [8, 6, 4], [8, 7, 2, 1], [8, 8, 2], [9, 3, 2, 2, 2], [9, 4, 2, 2, 1], [9, 4, 3, 2], [9, 4, 4, 1], [9, 4, 4, 1], [9, 5, 2, 2], [9, 5, 2, 2], [9, 5, 3, 1], [9, 6, 2, 1], [9, 6, 3], [9, 6, 3], [9, 7, 2], [10, 2, 2, 2, 2], [10, 4, 2, 2], [10, 4, 2, 2], [10, 4, 3, 1], [10, 4, 4], [10, 4, 4], [10, 5, 2, 1], [10, 5, 3], [10, 6, 2], [10, 6, 2], [10, 7, 1], [10, 8], [11, 3, 2, 2], [11, 4, 2, 1], [11, 4, 3], [11, 5, 2], [11, 5, 2], [11, 6, 1], [12, 2, 2, 2], [12, 4, 2], [12, 4, 2], [12, 6], [12, 6], [13, 3, 2], [13, 4, 1], [13, 5], [14, 2, 2], [14, 4], [15, 3], [16, 2], [18]]

[[5, 5, 4, 3, 1], [5, 5, 5, 1, 1, 1], [6, 4, 4, 2, 2], [6, 4, 4, 4], [6, 5, 3, 2, 1, 1], [6, 5, 4, 2, 1], [6, 6, 2, 2, 2], [6, 6, 4, 2], [6, 6, 6], [7, 4, 2, 2, 2, 1], [7, 4, 4, 2, 1], [7, 4, 4, 3], [7, 5, 2, 2, 2], [7, 5, 3, 2, 1], [7, 5, 4, 1, 1], [7, 5, 4, 2], [7, 6, 2, 2, 1], [7, 6, 3, 2], [7, 6, 4, 1], [7, 7, 3, 1], [8, 2, 2, 2, 2, 2], [8, 4, 2, 2, 2], [8, 4, 3, 2, 1], [8, 4, 4, 2], [8, 4, 4, 2], [8, 5, 2, 2, 1], [8, 5, 3, 1, 1], [8, 5, 3, 2], [8, 5, 4, 1], [8, 6, 2, 2], [8, 6, 2, 2], [8, 6, 3, 1], [8, 6, 4], [8, 6, 4], [8, 7, 2, 1], [8, 8, 2], [9, 3, 2, 2, 2], [9, 4, 2, 2, 1], [9, 4, 3, 2], [9, 4, 4, 1], [9, 4, 4, 1], [9, 5, 2, 2], [9, 5, 2, 2], [9, 5, 3, 1], [9, 6, 2, 1], [9, 6, 3], [9, 6, 3], [9, 7, 2], [10, 2, 2, 2, 2], [10, 4, 2, 2], [10, 4, 2, 2], [10, 4, 3, 1], [10, 4, 4], [10, 4, 4], [10, 5, 2, 1], [10, 5, 3], [10, 6, 2], [10, 6, 2], [10, 7, 1], [10, 8], [11, 3, 2, 2], [11, 4, 2, 1], [11, 4, 3], [11, 5, 2], [11, 5, 2], [11, 6, 1], [12, 2, 2, 2], [12, 4, 2], [12, 4, 2], [12, 6], [12, 6], [13, 3, 2], [13, 4, 1], [13, 5], [14, 2, 2], [14, 4], [15, 3], [16, 2], [18]]

[[5, 5, 4, 3, 1], [5, 5, 5, 1, 1, 1], [6, 4, 4, 2, 2], [6, 4, 4, 4], [6, 5, 3, 2, 1, 1], [6, 5, 4, 2, 1], [6, 6, 2, 2, 2], [6, 6, 4, 2], [6, 6, 6], [7, 4, 2, 2, 2, 1], [7, 4, 4, 2, 1], [7, 4, 4, 3], [7, 5, 2, 2, 2], [7, 5, 3, 2, 1], [7, 5, 4, 1, 1], [7, 5, 4, 2], [7, 6, 2, 2, 1], [7, 6, 3, 2], [7, 6, 4, 1], [7, 7, 3, 1], [8, 2, 2, 2, 2, 2], [8, 4, 2, 2, 2], [8, 4, 3, 2, 1], [8, 4, 4, 2], [8, 4, 4, 2], [8, 5, 2, 2, 1], [8, 5, 3, 1, 1], [8, 5, 3, 2], [8, 5, 4, 1], [8, 6, 2, 2], [8, 6, 2, 2], [8, 6, 3, 1], [8, 6, 4], [8, 6, 4], [8, 7, 2, 1], [8, 8, 2], [9, 3, 2, 2, 2], [9, 4, 2, 2, 1], [9, 4, 3, 2], [9, 4, 4, 1], [9, 4, 4, 1], [9, 5, 2, 2], [9, 5, 2, 2], [9, 5, 3, 1], [9, 6, 2, 1], [9, 6, 3], [9, 6, 3], [9, 7, 2], [10, 2, 2, 2, 2], [10, 4, 2, 2], [10, 4, 2, 2], [10, 4, 3, 1], [10, 4, 4], [10, 4, 4], [10, 5, 2, 1], [10, 5, 3], [10, 6, 2], [10, 6, 2], [10, 7, 1], [10, 8], [11, 3, 2, 2], [11, 4, 2, 1], [11, 4, 3], [11, 5, 2], [11, 5, 2], [11, 6, 1], [12, 2, 2, 2], [12, 4, 2], [12, 4, 2], [12, 6], [12, 6], [13, 3, 2], [13, 4, 1], [13, 5], [14, 2, 2], [14, 4], [15, 3], [16, 2], [18]]

[[5, 5, 4, 3, 1], [5, 5, 5, 1, 1, 1], [6, 4, 4, 2, 2], [6, 4, 4, 4], [6, 5, 3, 2, 1, 1], [6, 5, 4, 2, 1], [6, 6, 2, 2, 2], [6, 6, 4, 2], [6, 6, 6], [7, 4, 2, 2, 2, 1], [7, 4, 4, 2, 1], [7, 4, 4, 3], [7, 5, 2, 2, 2], [7, 5, 3, 2, 1], [7, 5, 4, 1, 1], [7, 5, 4, 2], [7, 6, 2, 2, 1], [7, 6, 3, 2], [7, 6, 4, 1], [7, 7, 3, 1], [8, 2, 2, 2, 2, 2], [8, 4, 2, 2, 2], [8, 4, 3, 2, 1], [8, 4, 4, 2], [8, 4, 4, 2], [8, 5, 2, 2, 1], [8, 5, 3, 1, 1], [8, 5, 3, 2], [8, 5, 4, 1], [8, 6, 2, 2], [8, 6, 2, 2], [8, 6, 3, 1], [8, 6, 4], [8, 6, 4], [8, 7, 2, 1], [8, 8, 2], [9, 3, 2, 2, 2], [9, 4, 2, 2, 1], [9, 4, 3, 2], [9, 4, 4, 1], [9, 4, 4, 1], [9, 5, 2, 2], [9, 5, 2, 2], [9, 5, 3, 1], [9, 6, 2, 1], [9, 6, 3], [9, 6, 3], [9, 7, 2], [10, 2, 2, 2, 2], [10, 4, 2, 2], [10, 4, 2, 2], [10, 4, 3, 1], [10, 4, 4], [10, 4, 4], [10, 5, 2, 1], [10, 5, 3], [10, 6, 2], [10, 6, 2], [10, 7, 1], [10, 8], [11, 3, 2, 2], [11, 4, 2, 1], [11, 4, 3], [11, 5, 2], [11, 5, 2], [11, 6, 1], [12, 2, 2, 2], [12, 4, 2], [12, 4, 2], [12, 6], [12, 6], [13, 3, 2], [13, 4, 1], [13, 5], [14, 2, 2], [14, 4], [15, 3], [16, 2], [18]]

[[5, 5, 4, 3, 1], [5, 5, 5, 1, 1, 1], [6, 4, 4, 2, 2], [6, 4, 4, 4], [6, 5, 3, 2, 1, 1], [6, 5, 4, 2, 1], [6, 6, 2, 2, 2], [6, 6, 4, 2], [6, 6, 6], [7, 4, 2, 2, 2, 1], [7, 4, 4, 2, 1], [7, 4, 4, 3], [7, 5, 2, 2, 2], [7, 5, 3, 2, 1], [7, 5, 4, 1, 1], [7, 5, 4, 2], [7, 6, 2, 2, 1], [7, 6, 3, 2], [7, 6, 4, 1], [7, 7, 3, 1], [8, 2, 2, 2, 2, 2], [8, 4, 2, 2, 2], [8, 4, 3, 2, 1], [8, 4, 4, 2], [8, 4, 4, 2], [8, 5, 2, 2, 1], [8, 5, 3, 1, 1], [8, 5, 3, 2], [8, 5, 4, 1], [8, 6, 2, 2], [8, 6, 2, 2], [8, 6, 3, 1], [8, 6, 4], [8, 6, 4], [8, 7, 2, 1], [8, 8, 2], [9, 3, 2, 2, 2], [9, 4, 2, 2, 1], [9, 4, 3, 2], [9, 4, 4, 1], [9, 4, 4, 1], [9, 5, 2, 2], [9, 5, 2, 2], [9, 5, 3, 1], [9, 6, 2, 1], [9, 6, 3], [9, 6, 3], [9, 7, 2], [10, 2, 2, 2, 2], [10, 4, 2, 2], [10, 4, 2, 2], [10, 4, 3, 1], [10, 4, 4], [10, 4, 4], [10, 5, 2, 1], [10, 5, 3], [10, 6, 2], [10, 6, 2], [10, 7, 1], [10, 8], [11, 3, 2, 2], [11, 4, 2, 1], [11, 4, 3], [11, 5, 2], [11, 5, 2], [11, 6, 1], [12, 2, 2, 2], [12, 4, 2], [12, 4, 2], [12, 6], [12, 6], [13, 3, 2], [13, 4, 1], [13, 5], [14, 2, 2], [14, 4], [15, 3], [16, 2], [18]]

[[5, 5, 4, 3, 1], [5, 5, 5, 1, 1, 1], [6, 4, 4, 2, 2], [6, 4, 4, 4], [6, 5, 3, 2, 1, 1], [6, 5, 4, 2, 1], [6, 6, 2, 2, 2], [6, 6, 4, 2], [6, 6, 6], [7, 4, 2, 2, 2, 1], [7, 4, 4, 2, 1], [7, 4, 4, 3], [7, 5, 2, 2, 2], [7, 5, 3, 2, 1], [7, 5, 4, 1, 1], [7, 5, 4, 2], [7, 6, 2, 2, 1], [7, 6, 3, 2], [7, 6, 4, 1], [7, 7, 3, 1], [8, 2, 2, 2, 2, 2], [8, 4, 2, 2, 2], [8, 4, 3, 2, 1], [8, 4, 4, 2], [8, 4, 4, 2], [8, 5, 2, 2, 1], [8, 5, 3, 1, 1], [8, 5, 3, 2], [8, 5, 4, 1], [8, 6, 2, 2], [8, 6, 2, 2], [8, 6, 3, 1], [8, 6, 4], [8, 6, 4], [8, 7, 2, 1], [8, 8, 2], [9, 3, 2, 2, 2], [9, 4, 2, 2, 1], [9, 4, 3, 2], [9, 4, 4, 1], [9, 4, 4, 1], [9, 5, 2, 2], [9, 5, 2, 2], [9, 5, 3, 1], [9, 6, 2, 1], [9, 6, 3], [9, 6, 3], [9, 7, 2], [10, 2, 2, 2, 2], [10, 4, 2, 2], [10, 4, 2, 2], [10, 4, 3, 1], [10, 4, 4], [10, 4, 4], [10, 5, 2, 1], [10, 5, 3], [10, 6, 2], [10, 6, 2], [10, 7, 1], [10, 8], [11, 3, 2, 2], [11, 4, 2, 1], [11, 4, 3], [11, 5, 2], [11, 5, 2], [11, 6, 1], [12, 2, 2, 2], [12, 4, 2], [12, 4, 2], [12, 6], [12, 6], [13, 3, 2], [13, 4, 1], [13, 5], [14, 2, 2], [14, 4], [15, 3], [16, 2], [18]]

[[5, 5, 4, 3, 1], [5, 5, 5, 1, 1, 1], [6, 4, 4, 2, 2], [6, 4, 4, 4], [6, 5, 3, 2, 1, 1], [6, 5, 4, 2, 1], [6, 6, 2, 2, 2], [6, 6, 4, 2], [6, 6, 6], [7, 4, 2, 2, 2, 1], [7, 4, 4, 2, 1], [7, 4, 4, 3], [7, 5, 2, 2, 2], [7, 5, 3, 2, 1], [7, 5, 4, 1, 1], [7, 5, 4, 2], [7, 6, 2, 2, 1], [7, 6, 3, 2], [7, 6, 4, 1], [7, 7, 3, 1], [8, 2, 2, 2, 2, 2], [8, 4, 2, 2, 2], [8, 4, 3, 2, 1], [8, 4, 4, 2], [8, 4, 4, 2], [8, 5, 2, 2, 1], [8, 5, 3, 1, 1], [8, 5, 3, 2], [8, 5, 4, 1], [8, 6, 2, 2], [8, 6, 2, 2], [8, 6, 3, 1], [8, 6, 4], [8, 6, 4], [8, 7, 2, 1], [8, 8, 2], [9, 3, 2, 2, 2], [9, 4, 2, 2, 1], [9, 4, 3, 2], [9, 4, 4, 1], [9, 4, 4, 1], [9, 5, 2, 2], [9, 5, 2, 2], [9, 5, 3, 1], [9, 6, 2, 1], [9, 6, 3], [9, 6, 3], [9, 7, 2], [10, 2, 2, 2, 2], [10, 4, 2, 2], [10, 4, 2, 2], [10, 4, 3, 1], [10, 4, 4], [10, 4, 4], [10, 5, 2, 1], [10, 5, 3], [10, 6, 2], [10, 6, 2], [10, 7, 1], [10, 8], [11, 3, 2, 2], [11, 4, 2, 1], [11, 4, 3], [11, 5, 2], [11, 5, 2], [11, 6, 1], [12, 2, 2, 2], [12, 4, 2], [12, 4, 2], [12, 6], [12, 6], [13, 3, 2], [13, 4, 1], [13, 5], [14, 2, 2], [14, 4], [15, 3], [16, 2], [18]]

[[5, 5, 4, 3, 1], [5, 5, 5, 1, 1, 1], [6, 4, 4, 2, 2], [6, 4, 4, 4], [6, 5, 3, 2, 1, 1], [6, 5, 4, 2, 1], [6, 6, 2, 2, 2], [6, 6, 4, 2], [6, 6, 6], [7, 4, 2, 2, 2, 1], [7, 4, 4, 2, 1], [7, 4, 4, 3], [7, 5, 2, 2, 2], [7, 5, 3, 2, 1], [7, 5, 4, 1, 1], [7, 5, 4, 2], [7, 6, 2, 2, 1], [7, 6, 3, 2], [7, 6, 4, 1], [7, 7, 3, 1], [8, 2, 2, 2, 2, 2], [8, 4, 2, 2, 2], [8, 4, 3, 2, 1], [8, 4, 4, 2], [8, 4, 4, 2], [8, 5, 2, 2, 1], [8, 5, 3, 1, 1], [8, 5, 3, 2], [8, 5, 4, 1], [8, 6, 2, 2], [8, 6, 2, 2], [8, 6, 3, 1], [8, 6, 4], [8, 6, 4], [8, 7, 2, 1], [8, 8, 2], [9, 3, 2, 2, 2], [9, 4, 2, 2, 1], [9, 4, 3, 2], [9, 4, 4, 1], [9, 4, 4, 1], [9, 5, 2, 2], [9, 5, 2, 2], [9, 5, 3, 1], [9, 6, 2, 1], [9, 6, 3], [9, 6, 3], [9, 7, 2], [10, 2, 2, 2, 2], [10, 4, 2, 2], [10, 4, 2, 2], [10, 4, 3, 1], [10, 4, 4], [10, 4, 4], [10, 5, 2, 1], [10, 5, 3], [10, 6, 2], [10, 6, 2], [10, 7, 1], [10, 8], [11, 3, 2, 2], [11, 4, 2, 1], [11, 4, 3], [11, 5, 2], [11, 5, 2], [11, 6, 1], [12, 2, 2, 2], [12, 4, 2], [12, 4, 2], [12, 6], [12, 6], [13, 3, 2], [13, 4, 1], [13, 5], [14, 2, 2], [14, 4], [15, 3], [16, 2], [18]]

[[5, 5, 4, 3, 1], [5, 5, 5, 1, 1, 1], [6, 4, 4, 2, 2], [6, 4, 4, 4], [6, 5, 3, 2, 1, 1], [6, 5, 4, 2, 1], [6, 6, 2, 2, 2], [6, 6, 4, 2], [6, 6, 6], [7, 4, 2, 2, 2, 1], [7, 4, 4, 2, 1], [7, 4, 4, 3], [7, 5, 2, 2, 2], [7, 5, 3, 2, 1], [7, 5, 4, 1, 1], [7, 5, 4, 2], [7, 6, 2, 2, 1], [7, 6, 3, 2], [7, 6, 4, 1], [7, 7, 3, 1], [8, 2, 2, 2, 2, 2], [8, 4, 2, 2, 2], [8, 4, 3, 2, 1], [8, 4, 4, 2], [8, 4, 4, 2], [8, 5, 2, 2, 1], [8, 5, 3, 1, 1], [8, 5, 3, 2], [8, 5, 4, 1], [8, 6, 2, 2], [8, 6, 2, 2], [8, 6, 3, 1], [8, 6, 4], [8, 6, 4], [8, 7, 2, 1], [8, 8, 2], [9, 3, 2, 2, 2], [9, 4, 2, 2, 1], [9, 4, 3, 2], [9, 4, 4, 1], [9, 4, 4, 1], [9, 5, 2, 2], [9, 5, 2, 2], [9, 5, 3, 1], [9, 6, 2, 1], [9, 6, 3], [9, 6, 3], [9, 7, 2], [10, 2, 2, 2, 2], [10, 4, 2, 2], [10, 4, 2, 2], [10, 4, 3, 1], [10, 4, 4], [10, 4, 4], [10, 5, 2, 1], [10, 5, 3], [10, 6, 2], [10, 6, 2], [10, 7, 1], [10, 8], [11, 3, 2, 2], [11, 4, 2, 1], [11, 4, 3], [11, 5, 2], [11, 5, 2], [11, 6, 1], [12, 2, 2, 2], [12, 4, 2], [12, 4, 2], [12, 6], [12, 6], [13, 3, 2], [13, 4, 1], [13, 5], [14, 2, 2], [14, 4], [15, 3], [16, 2], [18]]

[[5, 5, 4, 3, 1], [5, 5, 5, 1, 1, 1], [6, 4, 4, 2, 2], [6, 4, 4, 4], [6, 5, 3, 2, 1, 1], [6, 5, 4, 2, 1], [6, 6, 2, 2, 2], [6, 6, 4, 2], [6, 6, 6], [7, 4, 2, 2, 2, 1], [7, 4, 4, 2, 1], [7, 4, 4, 3], [7, 5, 2, 2, 2], [7, 5, 3, 2, 1], [7, 5, 4, 1, 1], [7, 5, 4, 2], [7, 6, 2, 2, 1], [7, 6, 3, 2], [7, 6, 4, 1], [7, 7, 3, 1], [8, 2, 2, 2, 2, 2], [8, 4, 2, 2, 2], [8, 4, 3, 2, 1], [8, 4, 4, 2], [8, 4, 4, 2], [8, 5, 2, 2, 1], [8, 5, 3, 1, 1], [8, 5, 3, 2], [8, 5, 4, 1], [8, 6, 2, 2], [8, 6, 2, 2], [8, 6, 3, 1], [8, 6, 4], [8, 6, 4], [8, 7, 2, 1], [8, 8, 2], [9, 3, 2, 2, 2], [9, 4, 2, 2, 1], [9, 4, 3, 2], [9, 4, 4, 1], [9, 4, 4, 1], [9, 5, 2, 2], [9, 5, 2, 2], [9, 5, 3, 1], [9, 6, 2, 1], [9, 6, 3], [9, 6, 3], [9, 7, 2], [10, 2, 2, 2, 2], [10, 4, 2, 2], [10, 4, 2, 2], [10, 4, 3, 1], [10, 4, 4], [10, 4, 4], [10, 5, 2, 1], [10, 5, 3], [10, 6, 2], [10, 6, 2], [10, 7, 1], [10, 8], [11, 3, 2, 2], [11, 4, 2, 1], [11, 4, 3], [11, 5, 2], [11, 5, 2], [11, 6, 1], [12, 2, 2, 2], [12, 4, 2], [12, 4, 2], [12, 6], [12, 6], [13, 3, 2], [13, 4, 1], [13, 5], [14, 2, 2], [14, 4], [15, 3], [16, 2], [18]]

